1 0 1011.734 982.372 0.03 0
1 1 1021.333 999.311 -1.903 0
1 2 968.273 1001.145 2.984 0
1 3 1009.821 988.956 -0.175 0
1 4 1011.969 998.565 -2.714 0
1 5 1024.555 1012.493 -1.918 0
1 6 949.513 997.337 -0.198 0
2 0 1012.418 982.376 0.019 0
2 1 1021.333 999.311 -1.903 0
2 2 967.124 1001.329 2.983 0
2 3 1011.113 988.727 -0.176 0
2 4 1011.524 998.435 -2.75 0
2 5 1024.389 1012.055 -1.923 0
2 6 950.627 997.111 -0.2 0
3 0 1013.114 982.375 0.009 0
3 1 1021.333 999.311 -1.903 0
3 2 965.966 1001.516 2.982 0
3 3 1012.398 988.498 -0.176 0
3 4 1011.061 998.314 -2.786 0
3 5 1024.23 1011.643 -1.928 0
3 6 951.739 996.883 -0.2019999999999999 0
4 0 1013.824 982.367 -0.001 0
4 1 1021.333 999.311 -1.903 0
4 2 964.8 1001.707 2.98 0
4 3 1013.676 988.269 -0.177 0
4 4 1010.578 998.205 -2.821 0
4 5 1024.078 1011.257 -1.932 0
4 6 952.851 996.653 -0.204 0
5 0 1014.544 982.353 -0.011 0
5 1 1021.333 999.311 -1.903 0
5 2 963.625 1001.9 2.979 0
5 3 1014.946 988.041 -0.178 0
5 4 1010.076 998.106 -2.8560000000000003 0
5 5 1023.935 1010.897 -1.937 0
5 6 953.961 996.422 -0.205 0
6 0 1015.275 982.333 -0.02 0
6 1 1021.333 999.311 -1.903 0
6 2 962.442 1002.097 2.977 0
6 3 1016.21 987.813 -0.179 0
6 4 1009.555 998.019 -2.89 0
6 5 1023.801 1010.564 -1.941 0
6 6 955.07 996.188 -0.207 0
7 0 1016.015 982.305 -0.0289999999999999 0
7 1 1021.333 999.311 -1.903 0
7 2 961.251 1002.296 2.9760000000000004 0
7 3 1017.466 987.585 -0.179 0
7 4 1009.015 997.943 -2.922 0
7 5 1023.677 1010.259 -1.945 0
7 6 956.178 995.953 -0.209 0
8 0 1016.763 982.272 -0.038 0
8 1 1021.333 999.311 -1.903 0
8 2 960.051 1002.498 2.975 0
8 3 1018.716 987.357 -0.18 0
8 4 1008.456 997.879 -2.9530000000000003 0
8 5 1023.562 1009.98 -1.948 0
8 6 957.284 995.716 -0.211 0
9 0 1017.518 982.231 -0.047 0
9 1 1021.333 999.311 -1.903 0
9 2 958.844 1002.702 2.974 0
9 3 1019.96 987.129 -0.181 0
9 4 1007.88 997.826 -2.982 0
9 5 1023.457 1009.729 -1.951 0
9 6 958.388 995.477 -0.212 0
10 0 1018.278 982.184 -0.055 0
10 1 1021.333 999.311 -1.903 0
10 2 957.629 1002.908 2.974 0
10 3 1021.198 986.902 -0.182 0
10 4 1007.285 997.785 -3.01 0
10 5 1023.363 1009.504 -1.954 0
10 6 959.491 995.237 -0.214 0
11 0 1019.044 982.13 -0.064 0
11 1 1021.333 999.311 -1.903 0
11 2 956.406 1003.117 2.9730000000000003 0
11 3 1022.431 986.675 -0.182 0
11 4 1006.672 997.754 -3.036 0
11 5 1023.279 1009.305 -1.957 0
11 6 960.592 994.995 -0.216 0
12 0 1019.814 982.069 -0.072 0
12 1 1021.333 999.311 -1.903 0
12 2 955.177 1003.326 2.9730000000000003 0
12 3 1023.66 986.447 -0.183 0
12 4 1006.041 997.734 -3.06 0
12 5 1023.204 1009.131 -1.959 0
12 6 961.691 994.751 -0.218 0
13 0 1020.587 982.002 -0.08 0
13 1 1021.333 999.311 -1.903 0
13 2 953.941 1003.537 2.9730000000000003 0
13 3 1024.884 986.22 -0.183 0
13 4 1005.393 997.724 -3.082 0
13 5 1023.14 1008.981 -1.961 0
13 6 962.788 994.506 -0.22 0
14 0 1021.363 981.929 -0.088 0
14 1 1021.333 999.311 -1.903 0
14 2 952.698 1003.749 2.9730000000000003 0
14 3 1026.104 985.993 -0.184 0
14 4 1004.727 997.724 -3.102 0
14 5 1023.085 1008.853 -1.963 0
14 6 963.881 994.259 -0.222 0
15 0 1022.142 981.85 -0.095 0
15 1 1021.333 999.311 -1.903 0
15 2 951.449 1003.962 2.9730000000000003 0
15 3 1027.322 985.766 -0.184 0
15 4 1004.044 997.734 -3.12 0
15 5 1023.039 1008.746 -1.964 0
15 6 964.972 994.01 -0.2239999999999999 0
16 0 1022.923 981.766 -0.102 0
16 1 1021.333 999.311 -1.903 0
16 2 950.195 1004.175 2.9730000000000003 0
16 3 1028.538 985.539 -0.185 0
16 4 1003.344 997.752 -3.137 0
16 5 1023.001 1008.658 -1.966 0
16 6 966.059 993.759 -0.226 0
17 0 1023.706 981.677 -0.109 0
17 1 1021.333 999.311 -1.903 0
17 2 948.935 1004.387 2.974 0
17 3 1029.752 985.312 -0.185 0
17 4 1002.626 997.778 3.131 0
17 5 1022.97 1008.588 -1.967 0
17 6 967.143 993.507 -0.228 0
18 0 1024.492 981.583 -0.115 0
18 1 1021.333 999.311 -1.903 0
18 2 947.671 1004.6 2.975 0
18 3 1030.964 985.084 -0.185 0
18 4 1001.892 997.813 3.117 0
18 5 1022.947 1008.534 -1.967 0
18 6 968.222 993.254 -0.23 0
19 0 1025.279 981.484 -0.12 0
19 1 1021.333 999.311 -1.903 0
19 2 946.402 1004.812 2.9760000000000004 0
19 3 1032.1760000000002 984.856 -0.186 0
19 4 1001.141 997.856 3.105 0
19 5 1022.929 1008.493 -1.968 0
19 6 969.298 992.999 -0.2319999999999999 0
20 0 1026.069 981.382 -0.125 0
20 1 1021.333 999.311 -1.903 0
20 2 945.129 1005.024 2.977 0
20 3 1033.388 984.628 -0.186 0
20 4 1000.373 997.906 3.094 0
20 5 1022.917 1008.464 -1.968 0
20 6 970.368 992.743 -0.2339999999999999 0
21 0 1026.86 981.277 -0.129 0
21 1 1021.333 999.311 -1.903 0
21 2 943.853 1005.235 2.978 0
21 3 1034.599 984.4 -0.186 0
21 4 999.59 997.963 3.084 0
21 5 1022.907 1008.443 -1.969 0
21 6 971.433 992.486 -0.236 0
22 0 1027.654 981.168 -0.133 0
22 1 1021.333 999.311 -1.903 0
22 2 942.574 1005.445 2.979 0
22 3 998.792 998.027 3.075 0
22 4 1022.907 1008.443 -1.969 0
22 5 972.492 992.229 -0.238 0
22 6 993.706 971.636 1.416 0
23 0 1028.4489999999998 981.057 -0.136 0
23 1 1021.333 999.311 -1.903 0
23 2 941.293 1005.654 2.98 0
23 3 997.978 998.097 3.067 0
23 4 1022.907 1008.443 -1.969 0
23 5 973.545 991.972 -0.239 0
23 6 993.806 972.157 1.403 0
24 0 1029.246 980.944 -0.139 0
24 1 1021.333 999.311 -1.903 0
24 2 940.009 1005.862 2.9810000000000003 0
24 3 997.149 998.173 3.06 0
24 4 1022.907 1008.443 -1.969 0
24 5 974.592 991.715 -0.241 0
24 6 993.911 972.656 1.39 0
25 0 1030.044 980.829 -0.142 0
25 1 1021.333 999.311 -1.903 0
25 2 938.725 1006.069 2.9810000000000003 0
25 3 996.306 998.254 3.053 0
25 4 1022.907 1008.443 -1.969 0
25 5 975.63 991.459 -0.242 0
25 6 994.02 973.133 1.376 0
26 0 1030.843 980.711 -0.144 0
26 1 1021.333 999.311 -1.903 0
26 2 937.439 1006.276 2.982 0
26 3 995.448 998.341 3.048 0
26 4 1022.907 1008.443 -1.969 0
26 5 976.661 991.203 -0.243 0
26 6 994.132 973.585 1.362 0
27 0 1031.643 980.593 -0.146 0
27 1 1021.333 999.311 -1.903 0
27 2 936.153 1006.481 2.983 0
27 3 994.577 998.433 3.043 0
27 4 1022.907 1008.443 -1.969 0
27 5 977.682 990.95 -0.243 0
27 6 994.245 974.013 1.348 0
28 0 1032.444 980.472 -0.148 0
28 1 1021.333 999.311 -1.903 0
28 2 934.866 1006.685 2.984 0
28 3 993.691 998.529 3.039 0
28 4 1022.907 1008.443 -1.969 0
28 5 978.694 990.698 -0.244 0
28 6 994.361 974.414 1.3330000000000002 0
29 0 1033.245 980.35 -0.15 0
29 1 1021.333 999.311 -1.903 0
29 2 992.792 998.629 3.035 0
29 3 1022.907 1008.443 -1.969 0
29 4 979.695 990.448 -0.245 0
29 5 994.476 974.79 1.318 0
30 0 1034.046 980.227 -0.152 0
30 1 1021.333 999.311 -1.903 0
30 2 991.879 998.732 3.032 0
30 3 1022.907 1008.443 -1.969 0
30 4 980.685 990.2 -0.245 0
30 5 994.592 975.14 1.3019999999999998 0
31 0 1021.333 999.311 -1.903 0
31 1 990.952 998.839 3.03 0
31 2 1022.907 1008.443 -1.969 0
31 3 981.662 989.955 -0.246 0
31 4 994.707 975.465 1.287 0
32 0 1021.333 999.311 -1.903 0
32 1 990.012 998.949 3.028 0
32 2 1022.907 1008.443 -1.969 0
32 3 982.626 989.712 -0.246 0
32 4 994.819 975.765 1.272 0
33 0 1021.333 999.311 -1.903 0
33 1 989.059 999.061 3.026 0
33 2 1022.907 1008.443 -1.969 0
33 3 983.576 989.473 -0.247 0
33 4 994.93 976.04 1.256 0
34 0 1021.333 999.311 -1.903 0
34 1 988.092 999.176 3.025 0
34 2 1022.907 1008.443 -1.969 0
34 3 984.513 989.235 -0.248 0
34 4 995.037 976.293 1.242 0
35 0 1021.333 999.311 -1.903 0
35 1 987.113 999.293 3.024 0
35 2 1022.907 1008.443 -1.969 0
35 3 985.436 989.0 -0.249 0
35 4 995.14 976.524 1.227 0
36 0 1021.333 999.311 -1.903 0
36 1 986.12 999.413 3.023 0
36 2 1022.907 1008.443 -1.969 0
36 3 986.344 988.766 -0.251 0
36 4 995.239 976.734 1.213 0
37 0 1021.333 999.311 -1.903 0
37 1 985.115 999.534 3.022 0
37 2 1022.907 1008.443 -1.969 0
37 3 987.239 988.534 -0.253 0
37 4 995.334 976.926 1.2 0
38 0 1021.333 999.311 -1.903 0
38 1 984.098 999.659 3.0210000000000004 0
38 2 1022.907 1008.443 -1.969 0
38 3 988.12 988.301 -0.256 0
38 4 995.424 977.101 1.187 0
39 0 1021.333 999.311 -1.903 0
39 1 983.068 999.786 3.02 0
39 2 1022.907 1008.443 -1.969 0
39 3 988.987 988.069 -0.26 0
39 4 995.51 977.26 1.175 0
40 0 1021.333 999.311 -1.903 0
40 1 982.027 999.915 3.019 0
40 2 1022.907 1008.443 -1.969 0
40 3 989.843 987.835 -0.265 0
40 4 995.591 977.406 1.163 0
