1 0 1026.667 997.35 -1.642 0
1 1 971.644 1000.978 3.009 0
1 2 994.917 991.725 1.3430000000000002 0
1 3 992.827 973.957 1.5619999999999998 0
1 4 1017.375 1000.976 -2.294 0
1 5 971.047 992.153 -0.2269999999999999 0
1 6 943.939 997.993 -0.228 0
1 7 993.673 965.358 1.577 0
1 8 1033.3339999999998 987.49 -3.097 0
2 0 1026.667 997.323 -1.641 0
2 1 970.535 1001.128 3.008 0
2 2 995.051 992.275 1.34 0
2 3 992.834 974.113 1.558 0
2 4 1017.358 1000.959 -2.295 0
2 5 972.025 991.925 -0.228 0
2 6 944.834 997.786 -0.228 0
2 7 993.677 965.502 1.574 0
2 8 1032.681 987.424 -3.076 0
3 0 1026.667 997.292 -1.639 0
3 1 969.421 1001.281 3.006 0
3 2 995.188 992.833 1.336 0
3 3 992.842 974.273 1.554 0
3 4 1017.339 1000.939 -2.296 0
3 5 973.002 991.697 -0.2289999999999999 0
3 6 945.72 997.581 -0.2269999999999999 0
3 7 993.681 965.655 1.57 0
3 8 1032.033 987.342 -3.052 0
4 0 1026.667 997.256 -1.638 0
4 1 968.301 1001.437 3.004 0
4 2 995.33 993.399 1.332 0
4 3 992.85 974.434 1.551 0
4 4 1017.316 1000.915 -2.296 0
4 5 973.977 991.469 -0.23 0
4 6 946.598 997.379 -0.2269999999999999 0
4 7 993.687 965.817 1.567 0
4 8 1031.391 987.242 -3.027 0
5 0 1026.667 997.214 -1.636 0
5 1 967.177 1001.595 3.002 0
5 2 995.476 993.975 1.329 0
5 3 992.859 974.597 1.547 0
5 4 1017.289 1000.887 -2.297 0
5 5 974.95 991.239 -0.231 0
5 6 947.466 997.178 -0.2269999999999999 0
5 7 993.693 965.988 1.5619999999999998 0
5 8 1030.757 987.123 -3.0010000000000003 0
6 0 1026.667 997.166 -1.633 0
6 1 966.049 1001.757 3.0 0
6 2 995.626 994.558 1.325 0
6 3 992.868 974.76 1.544 0
6 4 1017.257 1000.854 -2.299 0
6 5 975.919 991.008 -0.233 0
6 6 948.325 996.98 -0.2269999999999999 0
6 7 993.702 966.17 1.557 0
6 8 1030.132 986.986 -2.972 0
7 0 1026.667 997.111 -1.631 0
7 1 964.917 1001.921 2.998 0
7 2 995.78 995.15 1.3219999999999998 0
7 3 992.878 974.922 1.54 0
7 4 1017.22 1000.816 -2.3 0
7 5 976.886 990.776 -0.235 0
7 6 949.176 996.783 -0.2269999999999999 0
7 7 993.712 966.361 1.5519999999999998 0
7 8 1029.517 986.828 -2.942 0
8 0 1026.667 997.048 -1.628 0
8 1 963.781 1002.088 2.9960000000000004 0
8 2 995.938 995.75 1.318 0
8 3 992.888 975.082 1.537 0
8 4 1017.177 1000.772 -2.302 0
8 5 977.849 990.542 -0.237 0
8 6 950.018 996.588 -0.2269999999999999 0
8 7 993.724 966.562 1.546 0
8 8 1028.915 986.651 -2.911 0
9 0 1026.668 996.979 -1.624 0
9 1 962.642 1002.258 2.994 0
9 2 996.101 996.358 1.315 0
9 3 992.897 975.24 1.534 0
9 4 1017.129 1000.723 -2.303 0
9 5 978.809 990.308 -0.239 0
9 6 950.851 996.395 -0.228 0
9 7 993.739 966.771 1.54 0
9 8 1028.326 986.452 -2.877 0
10 0 1026.669 996.902 -1.62 0
10 1 961.5 1002.431 2.992 0
10 2 996.268 996.974 1.3119999999999998 0
10 3 992.907 975.396 1.531 0
10 4 1017.075 1000.668 -2.305 0
10 5 979.763 990.071 -0.241 0
10 6 951.676 996.204 -0.228 0
10 7 993.757 966.988 1.5319999999999998 0
10 8 1027.75 986.232 -2.841 0
11 0 1026.671 996.817 -1.616 0
11 1 960.354 1002.606 2.99 0
11 2 996.439 997.599 1.308 0
11 3 992.917 975.547 1.529 0
11 4 1017.016 1000.608 -2.307 0
11 5 980.713 989.834 -0.244 0
11 6 952.493 996.014 -0.228 0
11 7 993.777 967.212 1.525 0
11 8 1027.189 985.991 -2.804 0
12 0 1026.674 996.726 -1.611 0
12 1 959.207 1002.784 2.989 0
12 2 996.615 998.232 1.305 0
12 3 992.927 975.694 1.526 0
12 4 1016.95 1000.541 -2.31 0
12 5 981.656 989.595 -0.246 0
12 6 953.301 995.826 -0.228 0
12 7 993.801 967.441 1.516 0
12 8 1026.644 985.728 -2.765 0
13 0 1026.677 996.627 -1.606 0
13 1 958.057 1002.964 2.987 0
13 2 996.795 998.874 1.3019999999999998 0
13 3 992.937 975.835 1.524 0
13 4 1016.879 1000.469 -2.312 0
13 5 982.591 989.355 -0.249 0
13 6 954.101 995.639 -0.2289999999999999 0
13 7 993.828 967.672 1.507 0
13 8 1026.114 985.442 -2.724 0
14 0 1026.682 996.522 -1.6 0
14 1 956.905 1003.145 2.986 0
14 2 996.979 999.524 1.2990000000000002 0
14 3 992.946 975.972 1.5219999999999998 0
14 4 1016.802 1000.391 -2.315 0
14 5 983.519 989.114 -0.252 0
14 6 954.892 995.454 -0.2289999999999999 0
14 7 993.858 967.904 1.497 0
14 8 1025.6 985.134 -2.681 0
15 0 1026.688 996.411 -1.5930000000000002 0
15 1 955.752 1003.329 2.984 0
15 2 997.168 1000.183 1.296 0
15 3 992.955 976.102 1.52 0
15 4 1016.719 1000.308 -2.318 0
15 5 984.437 988.873 -0.255 0
15 6 955.675 995.272 -0.2289999999999999 0
15 7 993.891 968.134 1.4880000000000002 0
15 8 1025.102 984.803 -2.637 0
16 0 1026.695 996.295 -1.587 0
16 1 954.597 1003.514 2.983 0
16 2 997.362 1000.851 1.293 0
16 3 992.964 976.226 1.519 0
16 4 1016.63 1000.22 -2.322 0
16 5 985.344 988.631 -0.258 0
16 6 956.449 995.091 -0.2289999999999999 0
16 7 993.926 968.36 1.4780000000000002 0
16 8 1024.62 984.448 -2.592 0
17 0 1026.703 996.173 -1.579 0
17 1 953.441 1003.7 2.982 0
17 2 997.561 1001.527 1.289 0
17 3 992.972 976.343 1.517 0
17 4 1016.535 1000.127 -2.326 0
17 5 986.24 988.389 -0.262 0
17 6 957.213 994.912 -0.23 0
17 7 993.963 968.58 1.4680000000000002 0
17 8 1024.155 984.07 -2.546 0
18 0 1026.712 996.047 -1.5719999999999998 0
18 1 952.284 1003.887 2.982 0
18 2 997.765 1002.212 1.286 0
18 3 992.98 976.453 1.516 0
18 4 1016.434 1000.029 -2.33 0
18 5 987.123 988.146 -0.265 0
18 6 957.968 994.735 -0.23 0
18 7 994.001 968.79 1.4580000000000002 0
18 8 1023.706 983.668 -2.498 0
19 0 1026.724 995.917 -1.564 0
19 1 951.126 1004.075 2.9810000000000003 0
19 2 997.974 1002.906 1.283 0
19 3 992.987 976.556 1.515 0
19 4 1016.327 999.926 -2.334 0
19 5 987.993 987.904 -0.2689999999999999 0
19 6 958.713 994.559 -0.23 0
19 7 994.038 968.989 1.449 0
19 8 1023.275 983.243 -2.45 0
20 0 1026.736 995.782 -1.555 0
20 1 949.968 1004.262 2.9810000000000003 0
20 2 998.188 1003.609 1.279 0
20 3 992.994 976.651 1.513 0
20 4 1016.213 999.818 -2.339 0
20 5 988.848 987.663 -0.272 0
20 6 959.448 994.386 -0.231 0
20 7 994.076 969.175 1.44 0
20 8 1022.862 982.793 -2.401 0
21 0 1026.751 995.644 -1.547 0
21 1 948.809 1004.451 2.9810000000000003 0
21 2 998.408 1004.321 1.276 0
21 3 993.0 976.738 1.5119999999999998 0
21 4 1016.093 999.706 -2.345 0
21 5 989.688 987.422 -0.276 0
21 6 960.173 994.215 -0.231 0
21 7 994.112 969.346 1.432 0
21 8 1022.466 982.319 -2.353 0
22 0 1026.767 995.503 -1.537 0
22 1 947.65 1004.639 2.9810000000000003 0
22 2 998.633 1005.041 1.272 0
22 3 993.006 976.817 1.5119999999999998 0
22 4 1015.964 999.588 -2.351 0
22 5 990.512 987.181 -0.28 0
22 6 960.889 994.045 -0.2319999999999999 0
22 7 994.146 969.502 1.425 0
22 8 1022.087 981.82 -2.3040000000000003 0
23 0 1026.786 995.357 -1.528 0
23 1 946.491 1004.826 2.9810000000000003 0
23 2 998.864 1005.769 1.268 0
23 3 993.012 976.888 1.511 0
23 4 1015.829 999.465 -2.358 0
23 5 991.32 986.941 -0.285 0
23 6 961.594 993.876 -0.233 0
23 7 994.178 969.643 1.418 0
23 8 1021.726 981.297 -2.256 0
24 0 1026.806 995.208 -1.518 0
24 1 945.332 1005.014 2.9810000000000003 0
24 2 999.101 1006.504 1.264 0
24 3 993.016 976.951 1.51 0
24 4 1015.684 999.336 -2.365 0
24 5 992.111 986.702 -0.289 0
24 6 962.29 993.708 -0.235 0
24 7 994.206 969.766 1.413 0
24 8 1021.383 980.75 -2.208 0
25 0 1026.829 995.054 -1.507 0
25 1 944.173 1005.201 2.9810000000000003 0
25 2 999.343 1007.247 1.26 0
25 3 993.02 977.007 1.509 0
25 4 1015.531 999.203 -2.373 0
25 5 992.885 986.464 -0.294 0
25 6 962.977 993.541 -0.236 0
25 7 994.232 969.874 1.408 0
25 8 1021.058 980.177 -2.162 0
26 0 1026.855 994.896 -1.496 0
26 1 943.015 1005.388 2.9810000000000003 0
26 2 999.591 1007.997 1.256 0
26 3 993.024 977.055 1.509 0
26 4 1015.369 999.064 -2.382 0
26 5 993.641 986.226 -0.299 0
26 6 963.654 993.374 -0.239 0
26 7 994.254 969.966 1.404 0
26 8 1020.75 979.58 -2.117 0
27 0 1026.883 994.733 -1.485 0
27 1 941.857 1005.575 2.982 0
27 2 999.844 1008.753 1.252 0
27 3 993.027 977.097 1.509 0
27 4 1015.196 998.92 -2.392 0
27 5 994.381 985.989 -0.305 0
27 6 964.323 993.207 -0.241 0
27 7 994.273 970.044 1.4 0
27 8 1020.46 978.958 -2.073 0
28 0 1026.915 994.566 -1.472 0
28 1 940.699 1005.762 2.982 0
28 2 1000.103 1009.513 1.247 0
28 3 993.03 977.133 1.508 0
28 4 1015.013 998.772 -2.402 0
28 5 995.103 985.752 -0.311 0
28 6 964.983 993.039 -0.245 0
28 7 994.289 970.107 1.398 0
28 8 1020.186 978.311 -2.032 0
29 0 1026.95 994.392 -1.46 0
29 1 939.542 1005.948 2.982 0
29 2 1000.367 1010.279 1.243 0
29 3 993.032 977.163 1.508 0
29 4 1014.82 998.618 -2.414 0
29 5 995.808 985.515 -0.317 0
29 6 965.635 992.869 -0.249 0
29 7 994.302 970.159 1.395 0
29 8 1019.929 977.64 -1.992 0
30 0 1026.989 994.213 -1.446 0
30 1 938.385 1006.134 2.982 0
30 2 1000.635 1011.049 1.239 0
30 3 993.034 977.188 1.508 0
30 4 1014.616 998.461 -2.426 0
30 5 996.496 985.277 -0.324 0
30 6 966.281 992.696 -0.254 0
30 7 994.312 970.2 1.394 0
30 8 1019.689 976.946 -1.956 0
31 0 1027.033 994.028 -1.432 0
31 1 937.228 1006.32 2.982 0
31 2 1000.908 1011.822 1.235 0
31 3 993.036 977.209 1.507 0
31 4 1014.4 998.299 -2.439 0
31 5 997.168 985.039 -0.332 0
31 6 966.919 992.52 -0.26 0
31 7 994.32 970.232 1.392 0
31 8 1019.463 976.229 -1.922 0
32 0 1027.081 993.836 -1.416 0
32 1 936.071 1006.505 2.982 0
32 2 1001.185 1012.599 1.232 0
32 3 993.037 977.226 1.507 0
32 4 1014.172 998.134 -2.4530000000000003 0
32 5 997.824 984.799 -0.34 0
32 6 967.551 992.341 -0.267 0
32 7 994.326 970.256 1.391 0
32 8 1019.251 975.49 -1.891 0
33 0 1027.135 993.638 -1.4 0
33 1 934.915 1006.691 2.982 0
33 2 1001.467 1013.377 1.228 0
33 3 993.039 977.25 1.507 0
33 4 1013.932 997.966 -2.467 0
33 5 998.465 984.557 -0.349 0
33 6 968.176 992.156 -0.275 0
33 7 994.33 970.274 1.391 0
33 8 1019.052 974.73 -1.863 0
34 0 1027.194 993.433 -1.383 0
34 1 1001.751 1014.158 1.225 0
34 2 993.039 977.25 1.507 0
34 3 1013.681 997.795 -2.483 0
34 4 999.09 984.313 -0.359 0
34 5 968.796 991.966 -0.284 0
34 6 994.335 970.293 1.39 0
34 7 1018.865 973.95 -1.838 0
34 8 952.348 999.432 -0.182 0
35 0 1027.26 993.221 -1.365 0
35 1 1002.039 1014.94 1.221 0
35 2 993.039 977.25 1.507 0
35 3 1013.417 997.623 -2.499 0
35 4 999.7 984.066 -0.369 0
35 5 969.411 991.77 -0.294 0
35 6 994.335 970.293 1.39 0
35 7 1018.687 973.151 -1.816 0
35 8 953.166 999.281 -0.182 0
36 0 1027.332 993.001 -1.346 0
36 1 1002.329 1015.724 1.218 0
36 2 993.039 977.25 1.507 0
36 3 1013.142 997.45 -2.516 0
36 4 1000.296 983.815 -0.381 0
36 5 970.02 991.566 -0.305 0
36 6 994.335 970.293 1.39 0
36 7 1018.519 972.334 -1.797 0
36 8 953.981 999.131 -0.182 0
37 0 1027.413 992.774 -1.3259999999999998 0
37 1 1002.623 1016.507 1.216 0
37 2 993.039 977.25 1.507 0
37 3 1012.856 997.277 -2.5340000000000003 0
37 4 1000.877 983.559 -0.3939999999999999 0
37 5 970.625 991.354 -0.318 0
37 6 994.335 970.293 1.39 0
37 7 1018.357 971.5 -1.781 0
37 8 954.793 998.981 -0.183 0
38 0 1027.502 992.54 -1.305 0
38 1 1002.918 1017.291 1.213 0
38 2 993.039 977.25 1.507 0
38 3 1012.558 997.104 -2.552 0
38 4 1001.445 983.299 -0.408 0
38 5 971.224 991.133 -0.332 0
38 6 994.335 970.293 1.39 0
38 7 1018.202 970.65 -1.767 0
38 8 955.603 998.831 -0.183 0
39 0 1027.6 992.298 -1.283 0
39 1 1003.216 1018.075 1.21 0
39 2 993.039 977.25 1.507 0
39 3 1012.25 996.934 -2.571 0
39 4 1001.999 983.033 -0.423 0
39 5 971.818 990.902 -0.347 0
39 6 994.335 970.293 1.39 0
39 7 1018.051 969.786 -1.756 0
39 8 956.412 998.681 -0.183 0
40 0 1027.707 992.049 -1.259 0
40 1 1003.516 1018.859 1.208 0
40 2 993.039 977.25 1.507 0
40 3 1011.933 996.766 -2.59 0
40 4 1002.54 982.76 -0.44 0
40 5 972.408 990.66 -0.364 0
40 6 994.335 970.293 1.39 0
40 7 1017.905 968.908 -1.747 0
40 8 957.219 998.53 -0.184 0