1 0 1000.19 987.084 -0.763 0
1 1 943.786 1005.828 2.9810000000000003 0
1 2 1025.106 983.803 -0.071 0
1 3 979.934 986.945 -0.797 0
1 4 998.787 979.882 0.8170000000000001 0
1 5 993.923 987.392 1.325 0
1 6 1018.435 991.513 2.982 0
1 7 993.679 968.921 -1.732 0
2 0 1000.431 986.859 -0.76 0
2 1 942.422 1006.05 2.98 0
2 2 1025.787 983.75 -0.075 0
2 3 980.216 986.615 -0.8190000000000001 0
2 4 998.787 979.882 0.8170000000000001 0
2 5 993.987 987.622 1.321 0
2 6 1017.74 991.627 2.98 0
2 7 993.718 969.26 -1.744 0
3 0 1000.677 986.631 -0.758 0
3 1 941.053 1006.272 2.98 0
3 2 1026.463 983.695 -0.079 0
3 3 980.492 986.278 -0.841 0
3 4 998.787 979.882 0.8170000000000001 0
3 5 994.046 987.829 1.318 0
3 6 1017.064 991.739 2.979 0
3 7 993.757 969.584 -1.756 0
4 0 1000.926 986.399 -0.7559999999999999 0
4 1 939.68 1006.496 2.98 0
4 2 1027.134 983.637 -0.083 0
4 3 980.762 985.933 -0.863 0
4 4 998.787 979.882 0.818 0
4 5 994.1 988.014 1.314 0
4 6 1016.405 991.849 2.978 0
4 7 993.798 969.892 -1.769 0
5 0 1001.179 986.163 -0.755 0
5 1 938.304 1006.721 2.98 0
5 2 1027.8010000000002 983.576 -0.088 0
5 3 981.026 985.58 -0.885 0
5 4 998.787 979.882 0.8190000000000001 0
5 5 994.147 988.176 1.3119999999999998 0
5 6 1015.765 991.957 2.9760000000000004 0
5 7 993.84 970.183 -1.7819999999999998 0
6 0 1001.436 985.922 -0.755 0
6 1 936.927 1006.945 2.98 0
6 2 1028.465 983.513 -0.092 0
6 3 981.285 985.218 -0.907 0
6 4 998.784 979.876 0.82 0
6 5 994.189 988.319 1.3090000000000002 0
6 6 1015.142 992.063 2.975 0
6 7 993.881 970.458 -1.795 0
7 0 1001.697 985.675 -0.7559999999999999 0
7 1 935.55 1007.17 2.98 0
7 2 1029.127 983.447 -0.096 0
7 3 981.538 984.847 -0.93 0
7 4 998.767 979.862 0.82 0
7 5 994.226 988.442 1.307 0
7 6 1014.537 992.166 2.974 0
7 7 993.923 970.715 -1.808 0
8 0 1001.963 985.423 -0.757 0
8 1 1029.786 983.379 -0.1 0
8 2 981.785 984.467 -0.952 0
8 3 998.767 979.862 0.821 0
8 4 994.258 988.548 1.305 0
8 5 1013.948 992.268 2.972 0
8 6 993.964 970.956 -1.822 0
9 0 1002.231 985.165 -0.76 0
9 1 1030.444 983.308 -0.104 0
9 2 982.028 984.076 -0.974 0
9 3 998.767 979.862 0.8220000000000001 0
9 4 994.285 988.638 1.304 0
9 5 1013.375 992.368 2.971 0
9 6 994.004 971.179 -1.835 0
10 0 1002.504 984.901 -0.763 0
10 1 1031.1 983.235 -0.108 0
10 2 982.265 983.675 -0.997 0
10 3 998.767 979.862 0.823 0
10 4 994.308 988.715 1.3030000000000002 0
10 5 1012.816 992.467 2.969 0
10 6 994.044 971.386 -1.848 0
11 0 1002.78 984.63 -0.7659999999999999 0
11 1 1031.756 983.16 -0.1119999999999999 0
11 2 982.498 983.262 -1.019 0
11 3 998.767 979.862 0.8240000000000001 0
11 4 994.327 988.779 1.3019999999999998 0
11 5 1012.271 992.564 2.968 0
11 6 994.082 971.576 -1.86 0
12 0 1003.059 984.353 -0.7709999999999999 0
12 1 1032.411 983.082 -0.115 0
12 2 982.726 982.837 -1.041 0
12 3 998.767 979.862 0.8240000000000001 0
12 4 994.343 988.833 1.301 0
12 5 1011.737 992.661 2.966 0
12 6 994.118 971.751 -1.872 0
13 0 1003.34 984.069 -0.7759999999999999 0
13 1 1033.066 983.003 -0.119 0
13 2 982.95 982.4 -1.062 0
13 3 998.767 979.862 0.825 0
13 4 994.356 988.878 1.301 0
13 5 1011.214 992.757 2.964 0
13 6 994.153 971.911 -1.884 0
14 0 1003.624 983.778 -0.782 0
14 1 1033.721 982.92 -0.122 0
14 2 983.169 981.951 -1.083 0
14 3 998.767 979.862 0.825 0
14 4 994.368 988.917 1.3 0
14 5 1010.699 992.852 2.962 0
14 6 994.186 972.057 -1.895 0
15 0 1003.91 983.479 -0.789 0
15 1 1034.376 982.836 -0.126 0
15 2 983.384 981.488 -1.104 0
15 3 998.767 979.862 0.825 0
15 4 994.378 988.949 1.3 0
15 5 1010.19 992.948 2.96 0
15 6 994.218 972.189 -1.906 0
16 0 1004.199 983.173 -0.797 0
16 1 983.594 981.012 -1.124 0
16 2 998.767 979.862 0.825 0
16 3 994.386 988.978 1.3 0
16 4 1009.685 993.044 2.957 0
16 5 994.247 972.309 -1.916 0
16 6 937.069 1001.985 -0.178 0
17 0 1004.489 982.859 -0.8059999999999999 0
17 1 983.801 980.523 -1.143 0
17 2 998.75 979.849 0.8240000000000001 0
17 3 994.394 989.003 1.2990000000000002 0
17 4 1009.183 993.141 2.955 0
17 5 994.275 972.419 -1.925 0
17 6 937.967 1001.824 -0.177 0
18 0 1004.78 982.536 -0.815 0
18 1 984.003 980.021 -1.161 0
18 2 998.763 979.861 0.823 0
18 3 994.4 989.027 1.2990000000000002 0
18 4 1008.681 993.239 2.9530000000000003 0
18 5 994.301 972.518 -1.933 0
18 6 938.864 1001.664 -0.177 0
19 0 1005.072 982.204 -0.825 0
19 1 984.202 979.505 -1.178 0
19 2 998.783 979.88 0.821 0
19 3 994.407 989.048 1.2990000000000002 0
19 4 1008.177 993.339 2.951 0
19 5 994.325 972.607 -1.941 0
19 6 939.758 1001.505 -0.176 0
20 0 1005.365 981.863 -0.836 0
20 1 984.398 978.976 -1.194 0
20 2 998.812 979.906 0.818 0
20 3 994.413 989.069 1.2990000000000002 0
20 4 1007.668 993.44 2.948 0
20 5 994.348 972.689 -1.949 0
20 6 940.648 1001.348 -0.175 0
21 0 1005.659 981.512 -0.848 0
21 1 984.591 978.433 -1.209 0
21 2 998.852 979.941 0.815 0
21 3 994.419 989.089 1.298 0
21 4 1007.153 993.545 2.946 0
21 5 994.369 972.763 -1.956 0
21 6 941.535 1001.192 -0.175 0
22 0 1005.952 981.151 -0.861 0
22 1 984.782 977.877 -1.223 0
22 2 998.902 979.985 0.81 0
22 3 994.424 989.108 1.298 0
22 4 1006.629 993.652 2.944 0
22 5 994.388 972.83 -1.962 0
22 6 942.417 1001.037 -0.174 0
23 0 1006.245 980.778 -0.875 0
23 1 984.97 977.306 -1.235 0
23 2 998.964 980.039 0.8029999999999999 0
23 3 994.43 989.127 1.298 0
23 4 1006.094 993.762 2.942 0
23 5 994.406 972.891 -1.967 0
23 6 943.295 1000.884 -0.173 0
24 0 1006.537 980.395 -0.89 0
24 1 985.157 976.722 -1.247 0
24 2 999.039 980.102 0.795 0
24 3 994.435 989.145 1.298 0
24 4 1005.547 993.875 2.94 0
24 5 994.423 972.947 -1.973 0
24 6 944.168 1000.732 -0.173 0
25 0 1006.826 980.0 -0.906 0
25 1 985.343 976.124 -1.257 0
25 2 999.128 980.175 0.7859999999999999 0
25 3 994.441 989.164 1.298 0
25 4 1004.986 993.993 2.938 0
25 5 994.439 973.0 -1.977 0
25 6 945.036 1000.582 -0.172 0
26 0 1007.113 979.593 -0.923 0
26 1 985.528 975.511 -1.266 0
26 2 999.231 980.257 0.775 0
26 3 994.446 989.181 1.298 0
26 4 1004.41 994.114 2.9360000000000004 0
26 5 994.455 973.048 -1.982 0
26 6 945.898 1000.433 -0.171 0
27 0 1007.397 979.174 -0.942 0
27 1 985.713 974.884 -1.275 0
27 2 999.349 980.35 0.762 0
27 3 994.451 989.198 1.298 0
27 4 1003.818 994.239 2.935 0
27 5 994.469 973.095 -1.986 0
27 6 946.755 1000.285 -0.171 0
28 0 1007.677 978.742 -0.961 0
28 1 985.898 974.243 -1.2819999999999998 0
28 2 999.484 980.451 0.747 0
28 3 994.455 989.214 1.298 0
28 4 1003.209 994.369 2.934 0
28 5 994.483 973.14 -1.99 0
28 6 947.607 1000.138 -0.171 0
29 0 1007.951 978.297 -0.981 0
29 1 986.083 973.588 -1.288 0
29 2 999.634 980.561 0.73 0
29 3 994.46 989.231 1.297 0
29 4 1002.583 994.502 2.9330000000000003 0
29 5 994.498 973.185 -1.994 0
29 6 948.454 999.993 -0.171 0
30 0 1008.22 977.84 -1.003 0
30 1 986.269 972.92 -1.294 0
30 2 999.802 980.679 0.7120000000000001 0
30 3 994.465 989.248 1.297 0
30 4 1001.939 994.639 2.9330000000000003 0
30 5 994.512 973.231 -1.997 0
30 6 949.295 999.848 -0.171 0
31 0 1008.481 977.37 -1.025 0
31 1 986.455 972.24 -1.298 0
31 2 999.988 980.803 0.691 0
31 3 994.47 989.266 1.297 0
31 4 1001.278 994.779 2.9330000000000003 0
31 5 994.527 973.279 -2.001 0
31 6 950.131 999.703 -0.171 0
32 0 1008.735 976.887 -1.048 0
32 1 986.643 971.548 -1.3019999999999998 0
32 2 1000.192 980.934 0.669 0
32 3 994.476 989.286 1.297 0
32 4 1000.6 994.923 2.9330000000000003 0
32 5 994.544 973.332 -2.004 0
32 6 950.962 999.559 -0.171 0
33 0 1008.98 976.392 -1.072 0
33 1 986.831 970.846 -1.306 0
33 2 1000.414 981.068 0.645 0
33 3 994.483 989.309 1.297 0
33 4 999.904 995.069 2.934 0
33 5 994.562 973.391 -2.008 0
33 6 951.788 999.416 -0.172 0
34 0 1009.216 975.884 -1.096 0
34 1 987.019 970.134 -1.3090000000000002 0
34 2 1000.655 981.206 0.62 0
34 3 994.491 989.338 1.297 0
34 4 999.193 995.218 2.935 0
34 5 994.583 973.458 -2.012 0
34 6 952.608 999.273 -0.172 0
35 0 1009.442 975.364 -1.121 0
35 1 987.208 969.415 -1.3119999999999998 0
35 2 1000.914 981.346 0.593 0
35 3 994.501 989.373 1.297 0
35 4 998.465 995.369 2.9360000000000004 0
35 5 994.607 973.533 -2.017 0
35 6 953.423 999.13 -0.173 0
36 0 1009.657 974.832 -1.147 0
36 1 987.397 968.69 -1.314 0
36 2 1001.192 981.487 0.565 0
36 3 994.514 989.416 1.296 0
36 4 997.722 995.522 2.937 0
36 5 994.634 973.62 -2.022 0
36 6 954.233 998.988 -0.173 0
37 0 1009.861 974.288 -1.172 0
37 1 987.586 967.96 -1.3159999999999998 0
37 2 1001.488 981.628 0.536 0
37 3 994.531 989.471 1.296 0
37 4 996.964 995.677 2.939 0
37 5 994.666 973.719 -2.028 0
37 6 955.037 998.847 -0.174 0
38 0 1010.054 973.733 -1.198 0
38 1 987.774 967.226 -1.318 0
38 2 1001.803 981.768 0.507 0
38 3 994.551 989.539 1.295 0
38 4 996.192 995.834 2.9410000000000003 0
38 5 994.703 973.833 -2.0340000000000003 0
38 6 955.836 998.705 -0.174 0
39 0 1010.234 973.166 -1.224 0
39 1 987.961 966.491 -1.32 0
39 2 1002.136 981.906 0.478 0
39 3 994.576 989.622 1.294 0
39 4 995.406 995.991 2.943 0
39 5 994.747 973.961 -2.041 0
39 6 956.63 998.565 -0.175 0
40 0 1010.402 972.589 -1.25 0
40 1 988.147 965.755 -1.3219999999999998 0
40 2 1002.486 982.041 0.449 0
40 3 994.607 989.725 1.294 0
40 4 994.606 996.149 2.945 0
40 5 994.797 974.107 -2.05 0
40 6 957.419 998.425 -0.175 0
